image_width: 1440
image_height: 1080
camera_name: narrow_stereo

camera_matrix:
  rows: 3
  cols: 3
  data: [1793.782975, 0.000000, 709.880090,
         0.000000, 1793.310738, 570.808348,
         0.000000, 0.000000, 1.000000]

distortion_model: plumb_bob
distortion_coefficients:
  rows: 1
  cols: 5
  data: [-0.057171, 0.103883, 0.000000, 0.000000, 0.000000]

rectification_matrix:
  rows: 3
  cols: 3
  data: [1.000000, 0.000000, 0.000000,
         0.000000, 1.000000, 0.000000,
         0.000000, 0.000000, 1.000000]

projection_matrix:
  rows: 3
  cols: 4
  data: [1793.782975, 0.000000, 709.880090, 0.000000,
         0.000000, 1793.310738, 570.808348, 0.000000,
         0.000000, 0.000000, 1.000000, 0.000000]