image_width: 1440
image_height: 1080
camera_name: narrow_stereo

camera_matrix:
  rows: 3
  cols: 3
  data: [1762.798099, 0.000000, 720.666370,
         0.000000, 1763.180648, 526.685323,
         0.000000, 0.000000, 1.000000]

distortion_model: plumb_bob
distortion_coefficients:
  rows: 1
  cols: 5
  data: [-0.070511, 0.115205, -0.001705, -0.000548, 0.000000]

rectification_matrix:
  rows: 3
  cols: 3
  data: [1.000000, 0.000000, 0.000000,
         0.000000, 1.000000, 0.000000,
         0.000000, 0.000000, 1.000000]

projection_matrix:
  rows: 3
  cols: 4
  data: [1746.494385, 0.000000, 719.671081, 0.000000,
         0.000000, 1751.431396, 525.210944, 0.000000,
         0.000000, 0.000000, 1.000000, 0.000000]